17
1
399
17
1
395
17
1
390
17
1
386
16
1
382
16
1
378
16
1
375
16
1
371
16
1
368
16
1
365
16
1
362
15
1
359
15
1
356
15
1
353
15
1
350
15
1
348
15
1
345
15
1
343
15
1
341
14
1
338
14
1
337
14
1
335
14
1
333
14
1
331
14
1
329
14
1
328
14
1
326
14
1
325
14
1
324
14
1
323
14
1
321
14
1
320
13
1
319
13
1
318
13
1
317
13
1
316
13
1
316
13
1
315
13
1
314
13
1
314
13
1
313
13
1
312
13
1
312
13
1
312
13
1
311
13
1
311
13
1
310
13
1
310
13
1
309
13
1
309
13
1
308
13
1
308
13
1
308
13
1
307
13
1
307
13
1
307
13
1
307
13
1
307
13
1
307
13
1
307
13
1
307
13
1
306
13
1
306
13
1
306
13
1
306
13
1
306
13
1
306
13
1
306
13
1
306
13
1
306
13
1
305
13
1
305
13
1
306
13
1
305
13
1
305
13
1
305
13
1
305
13
1
305
13
1
305
13
1
305
13
1
305
13
1
305
13
1
304
13
1
304
13
1
304
13
1
304
13
1
304
13
1
304
13
1
304
13
1
304
13
1
304
13
1
304
13
1
304
13
1
304
13
1
304